0 0.562442 0.609958 0.122956 0.535157
0 0.427201 0.665621 0.0958391 0.576483
0 0.189893 0.576765 0.150092 0.614132
0 0.861046 0.671732 0.123472 0.536337
0 0.965545 0.614953 0.0685793 0.528109
0 0.653841 0.621703 0.0896919 0.498402
0 0.267591 0.622702 0.0871541 0.475491
0 0.747589 0.617627 0.0743978 0.397065
0 0.500627 0.569389 0.0703514 0.424619
0 0.562442 0.609958 0.122956 0.535157
0 0.427201 0.665621 0.0958391 0.576483
0 0.189893 0.576765 0.150092 0.614132
0 0.861046 0.671732 0.123472 0.536337
0 0.965545 0.614953 0.0685793 0.528109
0 0.653841 0.621703 0.0896919 0.498402
0 0.267591 0.622702 0.0871541 0.475491
0 0.747589 0.617627 0.0743978 0.397065
0 0.500627 0.569389 0.0703514 0.424619
